0.241973
-0.968000
-0.066523

-0.102848
-0.977564
0.183826

0.201304
-0.833028
0.515306

0.309996
-0.945512
0.099548

-0.387198
-0.904303
-0.179763

0.109512
-0.993716
-0.023135

0.239519
0.530380
-0.813221

0.367420
0.328617
-0.870065

0.000000
0.312701
-0.949851

0.000000
0.511357
-0.859368

0.178103
-0.968522
-0.173911

0.419522
-0.633652
0.649989

0.047415
-0.995970
-0.076128

0.316725
-0.641813
-0.698399

0.178994
-0.976558
0.119563

0.088022
-0.996104
0.005420

-0.125809
-0.932722
-0.337937

0.279170
-0.958909
0.050577

0.219944
-0.975294
-0.020637

-0.044903
-0.900215
0.433124

0.130522
-0.699489
-0.702623

0.151432
-0.988294
0.018498

0.500423
0.517985
-0.693735

0.987068
0.151760
0.051625

0.876438
0.479333
0.045771

0.864288
0.422076
0.273602

0.882749
0.452257
-0.127349

0.970520
0.205663
-0.125675

0.947618
0.092713
0.305654

0.527903
0.099400
0.843468

0.257518
0.530203
0.807817

0.333770
0.366372
0.868544

0.787809
0.416929
0.453351

0.862698
0.188253
0.469375

0.716196
0.524788
-0.460065

0.745048
0.273740
-0.608252

0.570493
0.305980
-0.762177

0.915464
0.208549
-0.344141

0.825713
0.507712
-0.245819

0.930300
-0.269853
0.248436

0.567312
-0.680152
-0.464274

0.276125
-0.847030
-0.454198

0.996119
-0.069659
-0.053802

0.909731
-0.108641
-0.400733

0.679806
-0.162348
0.715198

-0.087814
0.651309
-0.753715

-0.518124
-0.217664
-0.827145

0.299518
0.942883
0.145810

0.527735
0.285223
0.800090

0.792606
-0.510574
0.333300

-0.202804
-0.960613
-0.189980

0.239969
-0.969291
0.053755

0.171388
-0.978010
0.118843

-0.299119
-0.888066
0.349093

-0.321251
-0.946941
0.009968

0.649121
0.634063
0.420246

0.510043
0.778435
0.365918

0.384064
0.770380
0.508930

0.708901
0.665515
0.233556

0.580802
0.781255
0.228712

0.454014
0.629264
0.630792

-0.000000
0.974093
-0.226146

0.152944
0.965473
-0.210878

0.206611
0.915317
-0.345697

-0.000000
0.919408
-0.393305

0.241020
0.686619
0.685903

0.521160
0.838855
-0.157207

0.575020
0.817125
-0.040735

0.736492
0.669058
-0.099699

0.690065
0.695958
-0.198627

0.455062
0.868336
-0.197260

0.713791
0.695018
0.086326

0.576276
0.811996
0.092565

0.325530
0.900216
-0.289209

0.441171
0.877081
0.189994

0.419785
0.907496
0.015181

0.415120
0.902673
0.113387

0.377705
0.870685
0.315035

0.341790
0.850409
0.399979

0.220660
0.958644
-0.179750

0.330846
0.930745
-0.155736

0.365298
0.924642
-0.107681

0.597357
0.738216
-0.313371

0.433396
0.767565
-0.472241

0.000000
0.760629
-0.649187

0.448343
-0.058584
0.891940

-0.000000
0.408289
0.912853

0.000000
-0.274698
0.961530

0.584996
0.073404
0.807707

0.277525
0.781794
-0.558372

0.141553
0.509104
0.848985

-0.000000
0.490205
0.871607

0.425247
0.860286
-0.281198

-0.234595
0.796259
-0.557617

-0.250154
0.963306
0.097286

0.741257
0.550689
0.383771

0.976493
-0.101819
-0.189986

0.149560
-0.371162
-0.916444

0.606371
0.794901
-0.021129

-0.090016
0.880238
-0.465917

-0.123915
0.892952
-0.432760

0.780310
0.625307
0.010391

-0.138358
0.533340
-0.834509

-0.870427
-0.073324
-0.486807

-0.773819
-0.218636
-0.594477

-0.099284
0.475926
-0.873863

-0.196823
0.608418
-0.768823

-0.881615
-0.071486
-0.466524

-0.214179
0.619789
-0.754976

-0.827365
-0.017380
-0.561396

-0.811703
-0.245946
-0.529763

-0.190432
0.574623
-0.795955

0.472333
0.769754
0.429395

0.655285
0.714162
-0.246118

0.845401
0.430180
-0.316611

-0.038508
0.375510
-0.926018

0.828736
0.357951
-0.430195

0.048524
0.305897
-0.950827

0.646162
0.729456
-0.224430

0.629006
0.747922
-0.212048

-0.372327
0.923598
-0.091316

-0.434304
0.893569
-0.113640

0.449027
0.759326
0.470955

0.596409
0.801604
-0.041559

-0.282156
0.704949
-0.650719

-0.805812
-0.478294
0.349145

-0.426330
-0.903475
0.044446

-0.953224
0.238303
-0.185943

-0.629415
0.265917
-0.730154

-0.793819
0.326105
-0.513330

-0.747027
-0.565987
0.348725

-0.742208
-0.592050
0.314013

-0.571299
-0.798478
0.189869

-0.672377
-0.701986
0.234786

-0.571655
-0.430082
-0.698741

-0.815027
-0.120279
-0.566802

-0.727530
-0.288422
-0.622505

-0.594561
0.065632
-0.801367

-0.895549
0.170618
-0.410951

-0.885766
0.174747
-0.429979

0.694661
0.478994
-0.536666

0.270235
0.835965
0.477634

-0.218946
-0.899947
-0.377040

-0.191153
-0.733703
0.652028

0.329620
-0.257050
-0.908447

-0.530766
-0.729638
0.431181

-0.171443
-0.904027
-0.391591

-0.325833
0.188021
0.926542

0.269122
-0.665929
0.695782

-0.057372
0.231473
0.971148

-0.374400
-0.926459
-0.038706

0.305134
0.737253
-0.602786

0.145409
-0.173938
-0.973962

0.135559
0.939646
0.314148

0.488184
-0.695285
0.527499

0.106471
-0.433360
0.894910

0.768899
0.245838
0.590218

0.610872
0.440605
0.657801

0.206540
0.972098
0.111203

0.153551
-0.949139
-0.274878

0.603869
0.775321
-0.184984

0.548289
0.826224
-0.129356

-0.258701
0.745504
-0.614245

-0.312210
-0.375975
-0.872450

-0.997947
-0.062674
-0.013159

-0.316248
0.108208
0.942485

-0.678246
0.678109
0.283109

-0.972054
0.025352
-0.233383

0.647273
-0.498429
0.576721

0.960299
-0.058931
0.272677

-0.951392
0.134554
0.277037

-0.225115
0.745647
0.627163

-0.369743
0.592461
0.715738

-0.945985
-0.146723
0.289109

0.382517
0.718713
0.580631

0.056021
0.419672
0.905946

-0.379146
-0.780973
0.496316

0.667139
-0.551036
0.501283

-0.990626
0.096044
0.097137

-0.327705
0.885950
0.328180

-0.619652
-0.775037
-0.123895

-0.578791
-0.784312
-0.223283

-0.565014
-0.543022
-0.621197

-0.693096
-0.709572
-0.126987

-0.653524
-0.708181
-0.267183

-0.318877
0.909260
0.267516

-0.941541
0.234045
0.242331

-0.231308
-0.971173
0.057611

0.000000
-0.999378
-0.035252

-0.000000
-0.998075
0.062024

0.161764
-0.986830
-0.000422

0.169087
-0.985227
-0.027168

0.213351
-0.976291
0.036562

0.158974
-0.986156
0.047150

0.142295
-0.989676
-0.017148

0.130976
-0.990653
-0.038113

0.197375
-0.980157
0.018312

-0.000000
-0.998036
-0.062636

-0.000000
-0.999882
-0.015373

0.099234
-0.990381
-0.096425

0.102356
-0.984636
-0.141474

0.172293
-0.975625
-0.135910

0.000000
-0.992961
-0.118444

0.089353
-0.980341
-0.175919

0.102520
-0.971578
-0.213366

0.152881
-0.970808
-0.184822

0.561643
0.456737
0.689890

0.000000
-0.974862
-0.222812

0.693123
0.719899
0.036407

0.624510
0.773109
0.110860

0.959507
-0.089322
-0.267149

0.649554
0.599548
0.467570

0.960709
-0.275352
0.034923

0.951769
0.026298
-0.305687

0.108359
-0.226584
0.967945

0.600815
-0.512805
0.613231

0.969343
-0.127022
0.210330

0.425262
0.726783
0.539387

0.636007
0.548900
0.542406

0.984018
-0.133153
0.118233

0.134524
0.519919
0.843556

0.192604
0.606685
0.771257

-0.000000
0.565919
0.824461

-0.000000
0.557294
0.830315

0.203266
-0.927351
-0.314170

0.404798
-0.899018
-0.167045

0.383441
-0.771113
-0.508289

0.232447
-0.841223
-0.488173

0.209779
-0.931873
-0.295982

0.307577
-0.936397
0.168989

0.710083
-0.703924
-0.016524

0.852291
-0.504873
-0.136759

0.525447
-0.832091
-0.177567

0.634057
-0.726475
0.264962

0.627817
-0.774184
0.080525

0.525959
-0.537777
-0.658910

0.164948
-0.700936
-0.693888

0.569692
-0.730636
-0.376328

-0.016745
-0.999845
-0.005445

0.021918
-0.996294
-0.083180

0.037216
-0.995683
0.085026

0.081679
-0.994077
-0.071684

0.457196
-0.826106
0.329424

0.753368
-0.023637
0.657174

0.285499
-0.897100
0.337198

0.000000
-0.939652
-0.342132

0.000000
-0.931970
0.362535

0.144073
0.985728
-0.087087

0.000000
0.992369
-0.123307

0.206892
0.978363
0.001420

0.243340
0.965245
0.095325

0.203149
0.839025
0.504744

0.000000
0.771536
0.636186

0.235067
0.950899
0.201331

-0.000000
0.994415
0.105544

0.000000
0.931993
0.362477

0.147227
0.939489
0.309329

0.000000
-0.981420
-0.191870

0.070574
-0.965109
-0.252158

0.137537
-0.960306
-0.242683

0.093705
-0.979197
-0.179978

0.158247
-0.977221
-0.141410

0.203897
-0.977790
-0.048498

0.000000
-0.911923
-0.410361

0.000000
-0.985650
-0.168801

-0.000000
-0.937585
-0.347755

0.271295
0.604631
0.748880

0.578571
0.583010
0.570400

0.561893
0.602336
0.566982

0.739944
0.548810
-0.388962

0.665075
0.634424
-0.393930

0.605362
0.562424
0.563219

0.784253
0.484622
-0.387414

0.481598
0.670863
0.563921

0.536399
0.625868
0.566185

0.688160
0.604461
-0.401327

0.653966
0.643247
-0.398198

0.341592
0.731500
0.590104

0.482070
0.791939
-0.374756

0.888976
0.303990
-0.342507

0.828288
0.182685
0.529684

-0.083086
0.935576
-0.343212

0.748804
0.246357
0.615305

0.839340
0.384264
-0.384513

-0.338935
-0.780671
-0.525048

-0.789294
-0.452888
0.414616

-0.355472
-0.799439
0.484290

0.156488
-0.946550
-0.282054

-0.255894
0.197231
0.946371

0.591920
-0.253889
-0.764965

0.079993
-0.037642
-0.996085

0.166749
0.864883
0.473468

-0.179067
0.061745
0.981897

0.030315
0.132006
-0.990785

0.216137
-0.117040
-0.969323

0.005300
0.135259
-0.990796

0.154216
0.198857
-0.967819

0.219415
-0.031029
-0.975138

-0.002106
0.186984
-0.982361

0.137552
0.019127
-0.990310

-0.091910
0.929786
-0.356442

-0.041032
0.184143
-0.982043

0.354695
-0.289504
-0.889032

-0.194299
0.774271
0.602290

0.367378
0.648448
0.666744

0.327002
0.891553
-0.313372

0.244924
0.840114
0.483963

0.414014
0.862092
-0.292217

-0.238439
0.763651
0.599987

-0.064578
-0.126899
0.989811

0.863781
-0.384035
0.326189

0.151471
0.873723
0.462238

-0.438207
0.586281
0.681358

-0.131341
0.945172
-0.298999

0.597246
0.791746
-0.128199

0.395009
-0.887673
0.236650

0.292632
-0.891250
0.346469

0.145210
-0.334176
0.931257

0.545068
-0.112605
0.830796

0.909304
-0.380996
-0.167359

0.466300
-0.019341
0.884415

0.058363
-0.930550
0.361483

0.344084
-0.893977
0.287073

0.486796
-0.291360
0.823492

-0.045456
0.175941
0.983351

0.531296
0.748571
0.396694

0.553072
0.732788
0.396401

0.076772
0.103295
0.991684

0.066110
0.036747
0.997135

0.581371
0.717454
0.383754

-0.069594
0.097046
0.992844

0.487911
0.773895
0.403768

0.375266
0.861267
0.342628

0.080058
0.102793
0.991476

0.054613
-0.218808
0.974239

0.246744
-0.228375
0.941787

-0.532010
-0.649985
0.542665

-0.296414
-0.807895
0.509356

-0.121659
-0.888169
0.443121

0.484649
-0.286731
0.826378

-0.608434
-0.554064
0.568173

-0.590223
-0.557227
0.584068

-0.154604
-0.873502
0.461620

-0.051961
-0.916948
0.395610

0.015204
-0.137126
0.990437

0.412638
-0.042751
0.909891

0.540089
0.751094
-0.379687

-0.059869
0.574526
0.816294

0.392075
0.824940
0.407125

0.405498
0.861104
0.306709

0.553685
0.634271
0.539567

0.801017
0.440849
0.404999

0.461945
0.776162
0.429161

0.872798
0.385426
0.299449

-0.011000
0.775932
0.630721

-0.027568
0.768865
0.638816

-0.447341
-0.833432
0.324465

-0.376541
-0.853899
0.359267

0.160925
-0.404960
0.900062

-0.273359
-0.141530
0.951443

0.121934
-0.152177
0.980803

-0.161906
-0.911321
0.378523

-0.786288
-0.515109
0.341195

-0.600972
-0.717219
0.352746

-0.081747
-0.293346
0.952505

0.296135
-0.893340
0.338007

0.164602
-0.000575
0.986360

0.225605
-0.287536
0.930820

0.247121
-0.894935
0.371513

-0.304563
-0.308887
0.901016

-0.049262
-0.926418
0.373261

-0.227336
-0.207480
0.951457

-0.203395
0.005159
0.979083

0.377492
-0.773394
-0.509276

0.914565
-0.260557
-0.309323

0.700836
0.317755
-0.638639

-0.295048
0.087005
0.951513

0.052576
-0.887628
0.457551

0.306091
-0.829217
-0.467661

0.561782
-0.606421
-0.562721

-0.805019
-0.428558
0.410222

-0.839790
-0.409824
0.356087

-0.270347
0.161593
0.949105

-0.168471
0.064321
0.983606

-0.788162
-0.431002
0.439361

-0.520183
-0.662647
-0.538803

-0.331270
-0.784202
-0.524679

-0.734908
-0.396795
-0.549967

-0.680651
-0.454913
-0.574254

0.022450
-0.815107
-0.578875

-0.157241
-0.783310
-0.601415

-0.296432
-0.736203
-0.608385

-0.587178
-0.555517
-0.588747

0.510882
0.220629
-0.830856

0.288873
0.204161
-0.935345

0.457589
0.073221
-0.886144

-0.761444
-0.271921
-0.588439

-0.542058
-0.572840
0.614839

0.764963
0.179986
0.618414

0.680804
0.320839
0.658458

0.853253
-0.084581
0.514592

0.766911
0.243427
0.593794

0.678816
0.253810
0.689050

0.935065
-0.173917
0.308879

0.938136
0.061915
0.340688

0.764057
-0.091017
0.638696

0.282481
-0.913967
0.291323

0.322219
-0.923324
0.208920

0.768338
-0.210959
0.604279

0.931012
-0.276876
0.237814

0.460490
-0.887280
-0.026125

0.290368
-0.784367
0.548138

0.310167
-0.813699
0.491620

0.902787
-0.334367
0.270507

0.438221
-0.891982
-0.111043

0.462953
-0.876643
-0.131042

0.982964
-0.031806
0.181025

0.473377
-0.289611
-0.831889

0.445135
-0.858548
-0.254459

-0.238532
-0.882671
-0.404961

-0.179888
-0.106385
-0.977917

0.167421
0.769337
-0.616515

0.378088
0.707951
-0.596536

-0.038586
0.311085
0.949598

0.070009
-0.807740
0.585368

-0.533067
-0.585893
0.610385

-0.012355
0.987194
0.159048

0.049379
-0.413872
0.908995

0.107534
-0.427513
0.897591

-0.522246
-0.253978
-0.814097

-0.544755
-0.746774
-0.381538

0.211610
-0.685598
0.696547

0.062854
-0.515524
0.854567

0.022952
-0.411427
0.911153

-0.439732
-0.896735
0.050023

-0.556062
-0.819389
-0.139271

-0.515128
-0.857112
-0.001528

-0.308686
-0.633963
-0.709087

-0.276912
-0.836509
-0.472834

-0.514316
-0.810638
-0.279901

0.173498
-0.835080
-0.522053

-0.141723
-0.817970
-0.557530

-0.315527
0.175911
-0.932469

0.221664
0.065568
-0.972916

0.389873
-0.615169
-0.685249

-0.277293
0.181408
-0.943504

-0.320028
-0.795562
-0.514455

-0.356165
-0.805202
-0.474127

-0.103973
-0.008810
-0.994541

-0.235663
0.226100
-0.945168

0.189944
0.321787
-0.927564

0.584878
-0.280230
-0.761176

0.424722
0.807723
-0.408896

-0.788706
-0.492358
-0.368138

0.115030
-0.763887
-0.635016

0.255619
0.243952
-0.935493

0.172846
-0.279338
-0.944508

-0.254707
-0.876110
-0.409335

-0.179325
0.131946
-0.974902

-0.086332
-0.078990
-0.993130

-0.586370
-0.703370
-0.401797

-0.703929
-0.604869
-0.372314

-0.264609
0.059115
-0.962542

-0.468564
-0.797477
-0.380101

-0.022747
-0.144545
-0.989237

-0.288574
0.057749
-0.955714

-0.738422
-0.581068
-0.342190

-0.128429
0.923520
-0.361409

0.332696
0.783413
-0.524954

-0.189274
0.928384
-0.319810

0.693545
0.452397
-0.560654

0.607208
0.526410
-0.595139

0.250196
0.888706
-0.384193

-0.230996
0.954535
-0.188426

0.334897
0.859867
-0.385320

0.342577
0.752092
-0.563026

0.368166
0.738550
-0.564799

0.465488
0.669831
-0.578487

0.525820
0.615769
-0.586806

0.102848
-0.977564
0.183826

-0.241973
-0.968000
-0.066523

-0.201304
-0.833029
0.515306

-0.309996
-0.945512
0.099548

0.387198
-0.904303
-0.179763

-0.109512
-0.993716
-0.023135

-0.367420
0.328617
-0.870065

-0.239519
0.530380
-0.813221

-0.419522
-0.633652
0.649989

-0.178103
-0.968522
-0.173911

-0.047415
-0.995970
-0.076129

-0.178994
-0.976558
0.119563

-0.316725
-0.641813
-0.698399

-0.088022
-0.996104
0.005420

0.125809
-0.932722
-0.337937

-0.279170
-0.958909
0.050577

-0.219944
-0.975294
-0.020637

0.044903
-0.900215
0.433124

-0.130522
-0.699489
-0.702623

-0.151432
-0.988294
0.018498

-0.500423
0.517985
-0.693735

-0.876439
0.479333
0.045771

-0.987068
0.151760
0.051625

-0.864288
0.422076
0.273602

-0.882749
0.452257
-0.127349

-0.970520
0.205663
-0.125675

-0.947618
0.092713
0.305654

-0.257518
0.530203
0.807817

-0.527903
0.099400
0.843468

-0.333770
0.366372
0.868544

-0.862698
0.188253
0.469375

-0.787809
0.416929
0.453351

-0.716196
0.524788
-0.460065

-0.745048
0.273740
-0.608252

-0.570493
0.305980
-0.762177

-0.915464
0.208549
-0.344141

-0.825713
0.507712
-0.245819

-0.930300
-0.269853
0.248437

-0.567312
-0.680152
-0.464275

-0.276125
-0.847030
-0.454198

-0.996119
-0.069659
-0.053801

-0.909731
-0.108641
-0.400733

-0.679805
-0.162348
0.715198

0.087814
0.651309
-0.753715

0.518124
-0.217665
-0.827145

-0.299518
0.942883
0.145810

-0.792606
-0.510575
0.333300

-0.527735
0.285223
0.800090

-0.239969
-0.969291
0.053755

0.202804
-0.960613
-0.189980

-0.171388
-0.978010
0.118843

0.299119
-0.888066
0.349093

0.321251
-0.946941
0.009968

-0.510043
0.778435
0.365918

-0.649121
0.634063
0.420246

-0.384064
0.770380
0.508930

-0.708901
0.665515
0.233556

-0.580802
0.781255
0.228712

-0.454014
0.629264
0.630791

-0.152944
0.965473
-0.210878

-0.206611
0.915317
-0.345697

-0.241021
0.686619
0.685903

-0.575020
0.817125
-0.040735

-0.521160
0.838855
-0.157207

-0.736492
0.669058
-0.099700

-0.690065
0.695958
-0.198627

-0.455062
0.868336
-0.197260

-0.713791
0.695018
0.086326

-0.576276
0.811996
0.092565

-0.325530
0.900216
-0.289209

-0.441171
0.877081
0.189994

-0.415120
0.902673
0.113387

-0.419785
0.907497
0.015181

-0.377705
0.870685
0.315035

-0.341790
0.850409
0.399979

-0.330846
0.930745
-0.155737

-0.220660
0.958644
-0.179751

-0.365298
0.924642
-0.107681

-0.597357
0.738216
-0.313372

-0.433396
0.767565
-0.472241

-0.448343
-0.058584
0.891940

-0.584996
0.073404
0.807708

-0.277524
0.781794
-0.558372

-0.141553
0.509104
0.848985

0.234594
0.796259
-0.557617

-0.425248
0.860286
-0.281198

0.250155
0.963306
0.097286

-0.741257
0.550689
0.383771

-0.149560
-0.371163
-0.916444

-0.976493
-0.101821
-0.189986

-0.606370
0.794902
-0.021129

0.090016
0.880238
-0.465917

0.123915
0.892953
-0.432760

-0.780310
0.625307
0.010391

0.870427
-0.073324
-0.486807

0.138358
0.533340
-0.834509

0.773819
-0.218637
-0.594477

0.099284
0.475926
-0.873864

0.881615
-0.071486
-0.466524

0.196823
0.608418
-0.768823

0.214179
0.619789
-0.754976

0.827365
-0.017380
-0.561396

0.811703
-0.245946
-0.529763

0.190432
0.574623
-0.795955

-0.472334
0.769753
0.429395

-0.845401
0.430180
-0.316611

-0.655285
0.714162
-0.246118

0.038508
0.375510
-0.926018

-0.048524
0.305897
-0.950827

-0.828736
0.357951
-0.430195

-0.629006
0.747922
-0.212048

-0.646162
0.729456
-0.224430

0.434304
0.893569
-0.113641

0.372327
0.923598
-0.091316

-0.449028
0.759326
0.470955

-0.596409
0.801604
-0.041559

0.282156
0.704949
-0.650719

0.426330
-0.903475
0.044446

0.805812
-0.478294
0.349145

0.953225
0.238303
-0.185943

0.629414
0.265916
-0.730155

0.793819
0.326106
-0.513329

0.742208
-0.592049
0.314014

0.747027
-0.565987
0.348725

0.571299
-0.798478
0.189869

0.672377
-0.701986
0.234786

0.571655
-0.430082
-0.698741

0.815027
-0.120279
-0.566802

0.727530
-0.288422
-0.622505

0.594561
0.065632
-0.801367

0.895549
0.170618
-0.410951

0.885766
0.174747
-0.429979

-0.694661
0.478994
-0.536666

-0.270235
0.835965
0.477634

0.218946
-0.899947
-0.377040

0.191154
-0.733703
0.652028

-0.329620
-0.257050
-0.908447

0.530765
-0.729638
0.431181

0.171443
-0.904027
-0.391591

0.325834
0.188021
0.926542

-0.269122
-0.665929
0.695782

0.057372
0.231473
0.971148

0.374400
-0.926459
-0.038706

-0.305134
0.737253
-0.602786

-0.145409
-0.173939
-0.973962

-0.135559
0.939646
0.314148

-0.106471
-0.433361
0.894909

-0.488184
-0.695285
0.527499

-0.768899
0.245838
0.590218

-0.206540
0.972098
0.111203

-0.610872
0.440605
0.657801

-0.153551
-0.949139
-0.274878

-0.603869
0.775321
-0.184984

-0.548289
0.826224
-0.129357

0.312210
-0.375975
-0.872450

0.258701
0.745504
-0.614245

0.316247
0.108208
0.942485

0.997947
-0.062674
-0.013158

0.678246
0.678109
0.283109

0.972054
0.025352
-0.233383

-0.647272
-0.498429
0.576721

-0.960299
-0.058931
0.272677

0.951392
0.134554
0.277036

0.225115
0.745647
0.627163

0.369745
0.592460
0.715737

0.945986
-0.146723
0.289108

-0.382516
0.718714
0.580631

-0.056021
0.419672
0.905945

0.379147
-0.780972
0.496317

-0.667139
-0.551036
0.501283

0.990626
0.096044
0.097137

0.327706
0.885950
0.328180

0.578790
-0.784313
-0.223283

0.619651
-0.775037
-0.123894

0.565014
-0.543022
-0.621197

0.653523
-0.708181
-0.267183

0.693096
-0.709572
-0.126987

0.318877
0.909259
0.267516

0.941540
0.234045
0.242331

0.231308
-0.971173
0.057612

-0.161764
-0.986829
-0.000422

-0.169087
-0.985227
-0.027168

-0.213351
-0.976291
0.036561

-0.158974
-0.986156
0.047150

-0.130976
-0.990653
-0.038113

-0.142295
-0.989676
-0.017149

-0.197375
-0.980157
0.018312

-0.102356
-0.984636
-0.141474

-0.099234
-0.990381
-0.096425

-0.172293
-0.975625
-0.135910

-0.102520
-0.971578
-0.213366

-0.089353
-0.980341
-0.175919

-0.152881
-0.970808
-0.184822

-0.561644
0.456737
0.689890

-0.624510
0.773109
0.110860

-0.693123
0.719899
0.036407

-0.959507
-0.089322
-0.267149

-0.960709
-0.275353
0.034923

-0.649553
0.599549
0.467571

-0.951769
0.026298
-0.305687

-0.600816
-0.512805
0.613230

-0.108360
-0.226584
0.967945

-0.969344
-0.127022
0.210330

-0.425263
0.726783
0.539387

-0.636007
0.548899
0.542406

-0.984018
-0.133154
0.118233

-0.192604
0.606685
0.771257

-0.134524
0.519919
0.843556

-0.203267
-0.927351
-0.314170

-0.404797
-0.899019
-0.167045

-0.383441
-0.771113
-0.508289

-0.232446
-0.841223
-0.488173

-0.209779
-0.931873
-0.295982

-0.307577
-0.936397
0.168989

-0.852291
-0.504874
-0.136759

-0.710083
-0.703924
-0.016524

-0.525447
-0.832091
-0.177567

-0.627817
-0.774184
0.080525

-0.634057
-0.726475
0.264962

-0.525959
-0.537777
-0.658910

-0.164948
-0.700936
-0.693888

-0.569692
-0.730636
-0.376328

-0.021918
-0.996294
-0.083180

0.016745
-0.999845
-0.005445

-0.037216
-0.995683
0.085026

-0.081679
-0.994077
-0.071684

-0.457196
-0.826106
0.329424

-0.753368
-0.023637
0.657174

-0.285499
-0.897100
0.337198

-0.144073
0.985728
-0.087087

-0.206892
0.978363
0.001420

-0.243340
0.965245
0.095325

-0.203149
0.839025
0.504744

-0.235067
0.950899
0.201331

-0.147227
0.939489
0.309329

-0.070574
-0.965109
-0.252158

-0.093705
-0.979197
-0.179978

-0.137537
-0.960306
-0.242683

-0.158247
-0.977221
-0.141410

-0.203897
-0.977790
-0.048498

-0.271295
0.604631
0.748880

-0.561892
0.602336
0.566982

-0.578571
0.583010
0.570400

-0.739944
0.548810
-0.388962

-0.665075
0.634424
-0.393930

-0.605362
0.562424
0.563219

-0.784253
0.484622
-0.387414

-0.536399
0.625868
0.566185

-0.481598
0.670863
0.563921

-0.688159
0.604462
-0.401327

-0.653966
0.643247
-0.398198

-0.482070
0.791938
-0.374756

-0.341592
0.731500
0.590104

-0.888977
0.303990
-0.342506

-0.828288
0.182685
0.529683

0.083086
0.935576
-0.343212

-0.748805
0.246357
0.615305

-0.839340
0.384263
-0.384512

0.789294
-0.452888
0.414616

0.338935
-0.780671
-0.525048

0.355472
-0.799439
0.484290

-0.156488
-0.946550
-0.282054

0.255894
0.197230
0.946371

-0.591920
-0.253888
-0.764965

-0.079992
-0.037641
-0.996085

-0.166749
0.864883
0.473468

0.179066
0.061745
0.981898

-0.030315
0.132007
-0.990785

-0.216137
-0.117040
-0.969323

-0.005301
0.135258
-0.990796

-0.154215
0.198857
-0.967819

-0.219415
-0.031029
-0.975138

0.002106
0.186984
-0.982361

-0.137552
0.019127
-0.990310

0.041032
0.184144
-0.982043

0.091909
0.929786
-0.356442

-0.354696
-0.289504
-0.889032

-0.367378
0.648448
0.666744

0.194299
0.774271
0.602290

-0.327002
0.891554
-0.313372

-0.414014
0.862091
-0.292217

-0.244924
0.840114
0.483963

0.238439
0.763651
0.599987

-0.863781
-0.384034
0.326189

0.064576
-0.126899
0.989811

-0.151471
0.873723
0.462239

0.438207
0.586281
0.681358

0.131341
0.945171
-0.298999

-0.597246
0.791746
-0.128199

-0.292632
-0.891250
0.346468

-0.395010
-0.887673
0.236650

-0.145209
-0.334177
0.931257

-0.545068
-0.112604
0.830796

-0.909304
-0.380995
-0.167359

-0.466299
-0.019341
0.884416

-0.344084
-0.893977
0.287073

-0.058363
-0.930550
0.361483

-0.486796
-0.291360
0.823492

-0.531296
0.748571
0.396694

0.045456
0.175941
0.983351

-0.553072
0.732788
0.396401

-0.076772
0.103295
0.991684

-0.581371
0.717454
0.383754

-0.066111
0.036747
0.997135

0.069594
0.097046
0.992844

-0.487911
0.773895
0.403768

-0.375266
0.861267
0.342628

-0.080058
0.102794
0.991476

-0.054612
-0.218808
0.974239

-0.246744
-0.228375
0.941787

0.532010
-0.649985
0.542665

0.296414
-0.807895
0.509357

-0.484649
-0.286731
0.826378

0.121659
-0.888168
0.443121

0.608435
-0.554064
0.568173

0.590223
-0.557227
0.584068

0.051961
-0.916948
0.395610

0.154604
-0.873501
0.461620

-0.015204
-0.137126
0.990437

-0.412638
-0.042751
0.909891

-0.540089
0.751094
-0.379687

0.059869
0.574526
0.816294

-0.392075
0.824940
0.407125

-0.405498
0.861104
0.306709

-0.553685
0.634271
0.539567

-0.801017
0.440850
0.404999

-0.461944
0.776163
0.429161

-0.872798
0.385426
0.299449

0.011000
0.775932
0.630721

0.027568
0.768865
0.638817

0.376541
-0.853899
0.359267

0.447342
-0.833432
0.324465

-0.160925
-0.404959
0.900062

-0.121935
-0.152177
0.980803

0.273359
-0.141530
0.951443

0.161906
-0.911321
0.378523

0.600972
-0.717219
0.352746

0.786288
-0.515109
0.341195

0.081748
-0.293346
0.952505

-0.164602
-0.000576
0.986360

-0.296135
-0.893340
0.338007

-0.225606
-0.287536
0.930820

-0.247121
-0.894935
0.371513

0.304562
-0.308887
0.901016

0.049262
-0.926418
0.373261

0.227336
-0.207479
0.951457

0.203395
0.005159
0.979083

-0.914565
-0.260558
-0.309324

-0.377492
-0.773394
-0.509276

-0.700837
0.317754
-0.638639

0.295048
0.087005
0.951513

-0.052577
-0.887627
0.457551

-0.561781
-0.606421
-0.562722

-0.306091
-0.829218
-0.467661

0.839790
-0.409823
0.356087

0.805019
-0.428558
0.410223

0.270348
0.161593
0.949105

0.168470
0.064321
0.983606

0.788161
-0.431003
0.439361

0.520183
-0.662647
-0.538803

0.331270
-0.784202
-0.524679

0.734908
-0.396795
-0.549967

0.680651
-0.454913
-0.574255

0.157241
-0.783310
-0.601415

-0.022450
-0.815107
-0.578875

0.296432
-0.736203
-0.608385

0.587178
-0.555517
-0.588747

-0.510882
0.220629
-0.830856

-0.288873
0.204161
-0.935345

-0.457589
0.073222
-0.886144

0.761444
-0.271922
-0.588440

0.542058
-0.572840
0.614839

-0.764963
0.179986
0.618414

-0.680805
0.320839
0.658458

-0.853253
-0.084581
0.514592

-0.766911
0.243427
0.593794

-0.678816
0.253810
0.689050

-0.938136
0.061915
0.340688

-0.935065
-0.173917
0.308879

-0.764057
-0.091017
0.638696

-0.322219
-0.923324
0.208920

-0.282481
-0.913967
0.291323

-0.768338
-0.210960
0.604279

-0.931012
-0.276876
0.237814

-0.460491
-0.887280
-0.026125

-0.310167
-0.813699
0.491620

-0.290368
-0.784367
0.548138

-0.902787
-0.334367
0.270507

-0.438220
-0.891982
-0.111043

-0.462953
-0.876643
-0.131042

-0.982964
-0.031805
0.181025

-0.473377
-0.289611
-0.831889

-0.445135
-0.858548
-0.254459

0.238532
-0.882671
-0.404961

0.179888
-0.106384
-0.977917

-0.167421
0.769337
-0.616515

-0.378088
0.707951
-0.596536

0.038586
0.311086
0.949598

-0.070008
-0.807740
0.585368

0.533067
-0.585893
0.610385

0.012355
0.987194
0.159048

-0.049380
-0.413872
0.908995

-0.107534
-0.427513
0.897590

0.544755
-0.746774
-0.381538

0.522245
-0.253977
-0.814098

-0.211610
-0.685598
0.696547

-0.062854
-0.515524
0.854567

-0.022952
-0.411427
0.911154

0.439732
-0.896735
0.050023

0.515129
-0.857112
-0.001528

0.556062
-0.819389
-0.139271

0.276911
-0.836509
-0.472834

0.308686
-0.633963
-0.709087

0.514316
-0.810638
-0.279901

0.141723
-0.817970
-0.557530

-0.173498
-0.835080
-0.522053

0.315527
0.175911
-0.932469

-0.221664
0.065568
-0.972916

-0.389872
-0.615170
-0.685249

0.277293
0.181408
-0.943504

0.356165
-0.805202
-0.474127

0.320028
-0.795562
-0.514455

0.103973
-0.008811
-0.994541

-0.189944
0.321787
-0.927564

0.235663
0.226100
-0.945168

-0.584878
-0.280230
-0.761176

-0.424722
0.807722
-0.408896

0.788706
-0.492358
-0.368138

-0.115030
-0.763886
-0.635016

-0.255619
0.243951
-0.935493

-0.172846
-0.279339
-0.944507

0.254707
-0.876110
-0.409334

0.086332
-0.078990
-0.993130

0.179325
0.131945
-0.974902

0.586370
-0.703370
-0.401797

0.703929
-0.604869
-0.372313

0.264609
0.059115
-0.962542

0.468565
-0.797477
-0.380101

0.022747
-0.144545
-0.989237

0.288574
0.057749
-0.955714

0.738422
-0.581068
-0.342190

-0.332696
0.783413
-0.524954

0.128429
0.923520
-0.361409

0.189274
0.928384
-0.319810

-0.693545
0.452397
-0.560654

-0.607208
0.526410
-0.595139

-0.250197
0.888705
-0.384193

-0.334897
0.859867
-0.385320

0.230996
0.954535
-0.188426

-0.342577
0.752092
-0.563027

-0.465488
0.669831
-0.578487

-0.368165
0.738550
-0.564799

-0.525821
0.615769
-0.586806