0.000000
1.471399
0.274533

0.000000
1.395504
0.624396

0.114628
1.405167
0.580009

0.199727
1.425442
0.452072

0.232488
1.447723
0.271498

0.202947
1.463540
0.084548

0.117848
1.470909
-0.056131

0.000000
1.471203
-0.109956

0.000000
1.226703
0.963405

0.222350
1.273079
0.840424

0.316095
1.292259
0.734966

0.389754
1.321102
0.600808

0.438105
1.346457
0.435719

0.457314
1.367299
0.251784

0.445344
1.383328
0.063183

0.402293
1.394643
-0.115470

0.336667
1.390593
-0.257241

0.246692
1.397869
-0.378587

0.135629
1.401543
-0.454460

0.000000
1.410939
-0.488337

0.268492
1.094223
1.026285

0.454858
1.127082
0.912423

0.562677
1.168390
0.719564

0.634828
1.212336
0.489901

0.665235
1.240258
0.223464

0.650274
1.262135
-0.048262

0.579628
1.269651
-0.286745

0.485458
1.286961
-0.507005

0.354361
1.299922
-0.673471

0.197488
1.307879
-0.767074

0.000000
1.318971
-0.833175

0.000000
0.749797
1.339753

0.121872
0.720834
1.336139

0.569348
0.988656
1.023848

0.709525
1.008102
0.835443

0.803111
1.050102
0.534333

0.844452
1.081736
0.197357

0.828205
1.108235
-0.142818

0.736525
1.119125
-0.446672

0.619524
1.136686
-0.715869

0.448860
1.151701
-0.916352

0.233701
1.160258
-1.036013

0.000000
1.176762
-1.109500

0.000000
0.513236
1.442349

0.263300
0.635390
1.360159

0.787431
0.817735
0.885967

0.930321
0.868798
0.565179

0.980764
0.901337
0.175390

0.939292
0.904661
-0.208064

0.869283
0.911109
-0.578472

0.730208
0.924708
-0.883781

0.491295
0.907163
-1.158868

0.176668
0.929640
-1.291267

0.000000
0.938061
-1.314071

0.000000
0.310335
1.528000

0.165965
0.321359
1.516495

0.334046
0.444162
1.368765

0.482664
0.568008
1.282775

0.849368
0.668097
0.890769

0.982519
0.673247
0.605468

1.031800
0.724240
0.187558

1.016578
0.718899
-0.255064

0.920064
0.697790
-0.699676

0.729930
0.694874
-1.051781

0.550997
0.668996
-1.225019

0.340389
0.678894
-1.349803

0.000000
0.645140
-1.425927

0.000000
0.249811
1.484066

0.162148
0.254251
1.474064

0.350437
0.367882
1.349732

0.589765
0.406272
1.136337

0.855783
0.462382
0.852306

0.973618
0.483948
0.458846

1.032095
0.501517
0.031358

1.000821
0.518893
-0.387594

0.924724
0.490370
-0.728551

0.788488
0.502252
-1.009819

0.556055
0.498399
-1.279227

0.277643
0.492492
-1.430440

0.000000
0.483051
-1.460744

0.000000
0.263839
1.414716

0.274763
0.333671
1.282378

0.462730
0.387710
1.198405

0.677144
0.472903
0.885961

0.789257
0.489043
0.556982

0.862373
0.495246
0.162926

0.817822
0.495954
-0.263921

0.773952
0.508206
-0.727816

0.641668
0.527595
-1.031206

0.382460
0.521729
-1.177994

0.173148
0.535849
-1.302832

0.000000
0.493630
-1.153909

0.000000
0.450249
-1.011798

0.000000
0.404498
-0.695179

0.000000
0.367824
-0.311616

0.000000
0.353607
0.110532

0.000000
0.354400
0.536586

0.000000
0.365336
0.884174

0.000000
0.396160
1.135312

0.000000
0.356413
1.249965

0.000000
1.025892
1.156198

0.146131
1.012256
1.146453

0.326239
0.969024
1.107287

0.650274
0.847755
1.088314

0.000000
0.909610
1.226621

0.144531
0.891052
1.212129

0.351057
0.851788
1.203981

0.742079
0.631013
1.083049

0.586174
0.455399
-0.037928

0.593733
0.457684
-0.090526

0.560775
0.455514
-0.115129

0.486466
0.449625
-0.071923

0.485867
0.448081
-0.026598

0.533088
0.450684
-0.006533

0.491655
0.446419
0.494496

0.541077
0.450089
0.479061

0.555755
0.451224
0.450161

0.497213
0.447042
0.395206

0.465732
0.444707
0.401207

0.434205
0.442276
0.443486

0.458430
0.451877
0.805515

0.472973
0.454175
0.844877

0.445444
0.453167
0.881732

0.378115
0.446267
0.857195

0.369925
0.444663
0.793557

0.407186
0.447180
0.780269

0.387511
0.402018
0.091847

0.416193
0.414294
-0.081915

0.341078
0.416949
0.543487

0.422320
0.408929
0.281211

0.330974
0.406452
0.435974

0.409845
0.421541
0.687107

0.283875
0.419269
0.814770

0.472647
0.420265
-0.320678

0.317700
0.373444
1.141624

0.562089
0.452906
-0.696542

0.617693
0.444787
-0.511546

0.194577
0.489275
-1.103804

0.327995
0.484470
-1.027446

0.514897
0.480563
-0.894349

0.329299
0.420530
0.972294

0.347137
0.434757
-0.764796

0.221913
0.441443
-0.889755

0.274247
0.377330
0.041500

0.219975
0.381580
0.542092

0.213949
0.371148
0.364677

0.271469
0.372979
0.177955

0.280136
0.383733
-0.185655

0.369973
0.400743
-0.407285

0.362273
0.413132
-0.576401

0.499635
0.397947
0.840054

0.473039
0.409460
0.883481

0.655174
0.408714
0.930327

0.634458
0.417394
0.972000

0.701447
0.351439
0.968926

0.699714
0.350077
0.993239

0.504747
0.357043
0.824673

0.657153
0.373197
0.911823

0.687625
0.340089
0.954232

0.483685
0.327756
0.852186

0.642273
0.336178
0.935957

0.669808
0.327837
0.963486

0.456919
0.339232
0.895761

0.621699
0.344385
0.980164

0.669623
0.324675
0.988111

0.451619
0.379831
0.911049

0.618537
0.381930
0.995687

0.683434
0.336905
1.002865

0.748352
0.317404
0.961083

0.744641
0.315547
1.005410

0.777266
0.275293
0.967029

0.772464
0.274414
1.010293

0.809292
0.232446
0.978022

0.804730
0.230860
1.027255

0.856677
0.181669
0.971144

0.849875
0.180812
1.034258

0.894121
0.136185
0.970092

0.888965
0.136841
1.033637

0.901996
0.103578
0.975799

0.897418
0.101928
1.026650

0.918821
0.069865
0.984792

0.917704
0.066197
1.014893

0.978371
0.076232
0.985429

0.274873
0.375830
1.582111

0.257844
0.378249
1.588973

0.974060
0.069427
1.028345

1.019128
0.082292
0.991021

0.301838
0.340794
1.707440

1.015231
0.074731
1.039403

0.269716
0.344372
1.713043

0.312876
0.322226
1.750688

1.068846
0.087506
0.991572

1.062344
0.082500
1.044074

0.278106
0.332154
1.755218

0.303174
0.288930
1.773531

1.099286
0.060226
1.003492

0.287824
0.288491
1.777101

1.097874
0.055882
1.027794

0.298894
0.263988
1.845987

1.152334
0.064248
1.023232

1.145766
0.060347
1.045361

0.276343
0.267910
1.841147

1.196029
0.087280
1.042243

0.288706
0.243602
1.864267

0.266423
0.243080
1.858479

1.190796
0.080949
1.067195

0.721984
0.294882
0.934349

0.751285
0.254798
0.940819

0.781844
0.206640
0.948258

0.820198
0.150333
0.933068

0.856639
0.102764
0.930152

0.873627
0.077931
0.946171

0.907196
0.050371
0.965399

0.279680
0.359243
1.572829

0.977483
0.042925
0.957573

1.019946
0.044818
0.959186

0.313366
0.314818
1.690392

1.067663
0.049113
0.954859

0.328980
0.297339
1.728942

1.099864
0.041640
0.988002

0.307847
0.276806
1.765731

1.162297
0.048205
1.010392

0.311388
0.247547
1.835386

1.207850
0.069209
1.028405

0.299328
0.225860
1.854898

0.690132
0.268499
0.948318

0.718812
0.229716
0.954384

0.748734
0.181793
0.967776

0.787060
0.120863
0.956793

0.821037
0.072494
0.954913

0.846899
0.056987
0.964086

0.893292
0.025596
0.976567

0.268025
0.344036
1.571935

0.976725
0.000000
0.971618

0.294845
0.294233
1.678565

1.016965
0.000000
0.975145

1.070165
0.000000
0.973787

0.307961
0.268092
1.722739

1.098436
0.019635
0.996248

0.298529
0.268411
1.760766

1.166363
0.027665
1.019297

0.301730
0.234118
1.819700

1.211262
0.045882
1.038199

0.290232
0.214322
1.838967

0.685211
0.267534
0.998532

0.718359
0.231733
1.001028

0.744325
0.180262
1.016932

0.780411
0.120563
1.020153

0.815031
0.070290
1.021347

0.844065
0.054639
1.014953

0.891444
0.022449
1.007383

0.971918
0.000000
1.014823

0.251318
0.350078
1.579288

0.264024
0.304352
1.686462

1.013095
0.000000
1.024333

1.065232
0.000000
1.028427

0.270195
0.279109
1.732337

0.286315
0.270177
1.766663

1.097465
0.016486
1.019848

0.278924
0.237129
1.813601

1.160019
0.022219
1.041616

0.269131
0.218437
1.833222

1.203991
0.040575
1.062594

0.716708
0.292016
1.023232

0.743562
0.252446
1.026971

0.772067
0.205204
1.046652

0.809096
0.146739
1.059074

0.847357
0.099623
1.062393

0.864351
0.075336
1.046500

0.901871
0.042899
1.026377

0.245739
0.364127
1.588488

0.973068
0.029713
1.043033

1.013117
0.030769
1.056043

0.250403
0.323868
1.703151

0.254712
0.303591
1.749571

1.064671
0.032754
1.062584

1.096871
0.033593
1.034956

0.281852
0.277738
1.772495

0.265306
0.254638
1.824894

1.149390
0.039291
1.055602

1.196486
0.059891
1.075970

0.260249
0.228796
1.848385

0.578941
0.403374
0.475388

0.711492
0.437061
0.414666

0.597853
0.392303
0.405842

0.694574
0.453418
0.487329

0.804049
0.403650
0.508317

0.798566
0.403357
0.475533

0.609822
0.337669
0.382985

0.719014
0.411122
0.414999

0.779653
0.382081
0.461868

0.717417
0.357815
0.454902

0.603151
0.294589
0.429039

0.763079
0.360940
0.481400

0.584102
0.305543
0.498797

0.701480
0.367087
0.522914

0.771173
0.359404
0.514064

0.691141
0.420240
0.544616

0.571954
0.359433
0.521364

0.789829
0.381837
0.527763

0.876353
0.375716
0.508910

0.866973
0.374420
0.446687

0.918554
0.328338
0.444554

0.925716
0.330664
0.505831

0.975335
0.283303
0.448009

0.984879
0.285350
0.517072

1.048713
0.230838
0.422165

1.059640
0.234447
0.510348

1.110203
0.182179
0.407581

1.122918
0.188224
0.495819

1.141956
0.143749
0.484169

1.131671
0.141930
0.413176

1.172843
0.102761
0.462637

1.163790
0.104846
0.419868

1.251872
0.106275
0.398928

1.260309
0.096534
0.459054

1.307945
0.114526
0.389893

1.318557
0.103840
0.457457

1.374662
0.121521
0.370951

1.383410
0.114117
0.444888

1.423927
0.076347
0.408256

1.418046
0.082280
0.375630

1.492977
0.087775
0.380349

1.500771
0.082445
0.410983

1.566801
0.110593
0.397535

1.555552
0.119242
0.364835

1.579282
0.081823
0.402646

1.578579
0.055433
0.381130

0.830510
0.331406
0.421471

0.882010
0.288038
0.419839

0.937156
0.235260
0.419384

0.998161
0.171404
0.386239

1.058425
0.119460
0.369686

1.092658
0.093557
0.385109

1.148834
0.070536
0.398243

1.242034
0.059020
0.360707

1.298657
0.061589
0.346145

1.361358
0.067208
0.321669

1.413871
0.056889
0.354960

1.495424
0.065857
0.357362

1.559416
0.094554
0.339134

0.801836
0.287121
0.455384

0.855075
0.250057
0.455939

0.906782
0.191979
0.460188

0.970332
0.122498
0.432800

1.028012
0.068782
0.418596

1.068939
0.057558
0.421074

1.142027
0.032536
0.420155

1.245457
0.000000
0.380430

1.300118
0.000000
0.369276

1.370525
0.000000
0.346689

1.414613
0.026825
0.366408

1.506161
0.037796
0.364001

1.570028
0.062684
0.347338

0.810900
0.289793
0.523610

0.863457
0.252177
0.516515

0.916554
0.194084
0.529036

0.981374
0.126820
0.521110

1.041262
0.071246
0.510742

1.081545
0.059137
0.491360

1.150333
0.031052
0.463862

1.253447
0.000000
0.441419

1.311046
0.000000
0.437725

1.381720
0.000000
0.422493

1.420853
0.022523
0.397927

1.514337
0.030356
0.394655

0.851510
0.335628
0.545394

0.898966
0.292354
0.541169

0.955044
0.241335
0.557559

1.023543
0.176945
0.561473

1.087731
0.126743
0.552365

1.112301
0.098188
0.525326

1.163779
0.065730
0.485356

1.263868
0.040307
0.479602

1.321178
0.041477
0.480999

1.392201
0.044028
0.469039

1.424886
0.045895
0.418101

1.511922
0.053679
0.419507

0.630517
0.401349
-0.097760

0.782204
0.462687
-0.262950

0.611468
0.378771
-0.159412

0.808725
0.465941
-0.213547

0.887041
0.410777
-0.274413

0.864079
0.405896
-0.291845

0.611430
0.324379
-0.174235

0.774536
0.411550
-0.275324

0.844223
0.386182
-0.283325

0.798953
0.369510
-0.238536

0.630196
0.292501
-0.128383

0.845455
0.371578
-0.254818

0.649299
0.314847
-0.066636

0.828161
0.390366
-0.184813

0.870161
0.374472
-0.239014

0.831916
0.443024
-0.173254

0.649217
0.368870
-0.051586

0.889826
0.395296
-0.247532

0.936824
0.377452
-0.320841

0.894268
0.367525
-0.354282

0.929411
0.319592
-0.384343

0.969907
0.330505
-0.350140

0.971346
0.272873
-0.414750

1.018017
0.284522
-0.377113

1.007487
0.213004
-0.474884

1.066235
0.228991
-0.425998

1.042047
0.159745
-0.519727

1.101913
0.177816
-0.472558

1.109625
0.133193
-0.485749

1.061319
0.121462
-0.524204

1.119479
0.088692
-0.515306

1.088750
0.084728
-0.536710

1.131775
0.099300
-0.607402

1.173344
0.090169
-0.574652

1.162504
0.106939
-0.654918

1.210156
0.096988
-0.619099

1.194334
0.113514
-0.717008

1.244612
0.106675
-0.675596

1.249016
0.071530
-0.729761

1.225378
0.077088
-0.746597

1.265493
0.082237
-0.806169

1.292254
0.077244
-0.803449

1.303824
0.103615
-0.872063

1.274278
0.111718
-0.872123

1.312043
0.076661
-0.882468

1.294848
0.051935
-0.889008

0.856922
0.328076
-0.336843

0.892213
0.282747
-0.367037

0.931084
0.228434
-0.397448

0.955071
0.158262
-0.451385

0.987778
0.101800
-0.496035

1.020791
0.076943
-0.505843

1.067304
0.051827
-0.533618

1.102093
0.055238
-0.624522

1.130080
0.057642
-0.676305

1.155898
0.062948
-0.738978

1.210112
0.053299
-0.756931

1.248199
0.061702
-0.816263

1.255322
0.088588
-0.884506

0.859113
0.295688
-0.286293

0.896867
0.256493
-0.317584

0.936393
0.198435
-0.341469

0.965699
0.123727
-0.392461

0.998123
0.066276
-0.433399

1.027435
0.052159
-0.459097

1.076771
0.021557
-0.507372

1.116007
0.000000
-0.614275

1.144943
0.000000
-0.662412

1.176963
0.000000
-0.729701

1.217546
0.025133
-0.750037

1.257034
0.035411
-0.824455

1.265345
0.058729
-0.892049

0.905206
0.307923
-0.248726

0.937783
0.266970
-0.284680

0.983086
0.210093
-0.304134

1.024584
0.140397
-0.343692

1.060834
0.081594
-0.383380

1.076912
0.063299
-0.422733

1.107854
0.026260
-0.484631

1.158084
0.000000
-0.580723

1.193347
0.000000
-0.626228

1.230044
0.000000
-0.688906

1.240743
0.021102
-0.734187

1.283936
0.028440
-0.822100

0.943206
0.349144
-0.272266

0.974240
0.303823
-0.301247

1.023565
0.253704
-0.321616

1.074356
0.188142
-0.356616

1.114029
0.134070
-0.399559

1.115719
0.101088
-0.429621

1.128020
0.059608
-0.486798

1.187919
0.037640
-0.563915

1.226054
0.038956
-0.605811

1.264953
0.041374
-0.666560

1.255617
0.042999
-0.724077

1.302713
0.050292
-0.811412

0.255237
0.390206
1.441657

0.237192
0.363473
1.455163

0.239965
0.409532
1.453947

0.209297
0.399944
1.477874

0.220395
0.370231
1.475509

-0.146131
1.012256
1.146453

-0.144531
0.891052
1.212129

-0.209297
0.399944
1.477874

-0.165965
0.321359
1.516495

-0.263300
0.635390
1.360159

-0.274873
0.375830
1.582111

-0.257844
0.378249
1.588973

-0.239965
0.409532
1.453947

-0.301838
0.340794
1.707440

-0.269716
0.344372
1.713043

-0.312876
0.322226
1.750688

-0.278106
0.332154
1.755218

-0.303174
0.288930
1.773531

-0.287824
0.288491
1.777101

-0.298894
0.263988
1.845987

-0.276343
0.267910
1.841147

-0.288706
0.243602
1.864267

-0.266423
0.243080
1.858479

-0.269131
0.218437
1.833222

-0.260249
0.228796
1.848385

-0.255237
0.390206
1.441657

-0.279680
0.359243
1.572829

-0.313366
0.314818
1.690392

-0.328980
0.297339
1.728942

-0.307847
0.276806
1.765731

-0.311388
0.247547
1.835386

-0.299328
0.225860
1.854898

-0.237192
0.363473
1.455163

-0.268025
0.344036
1.571935

-0.294845
0.294233
1.678565

-0.307961
0.268092
1.722739

-0.298529
0.268411
1.760766

-0.301730
0.234118
1.819700

-0.290232
0.214322
1.838967

-0.220395
0.370231
1.475509

-0.251318
0.350078
1.579288

-0.264024
0.304352
1.686462

-0.270195
0.279109
1.732337

-0.286315
0.270177
1.766663

-0.278924
0.237129
1.813601

-0.245739
0.364127
1.588488

-0.250403
0.323868
1.703151

-0.254712
0.303591
1.749571

-0.281852
0.277738
1.772495

-0.265306
0.254638
1.824894

-0.334046
0.444162
1.368765

-0.350437
0.367882
1.349732

-0.351057
0.851788
1.203981

-0.650274
0.847755
1.088314

-0.482664
0.568008
1.282775

-0.221913
0.441443
-0.889755

-0.327995
0.484470
-1.027446

-0.562089
0.452906
-0.696542

-0.514897
0.480563
-0.894349

-0.347137
0.434757
-0.764796

-0.362273
0.413132
-0.576401

-0.416193
0.414294
-0.081915

-0.274247
0.377330
0.041500

-0.387511
0.402018
0.091847

-0.330974
0.406452
0.435974

-0.219975
0.381580
0.542092

-0.341078
0.416949
0.543487

-0.213949
0.371148
0.364677

-0.271469
0.372979
0.177955

-0.422320
0.408929
0.281211

-0.409845
0.421541
0.687107

-0.283875
0.419269
0.814770

-0.280136
0.383733
-0.185655

-0.472647
0.420265
-0.320678

-0.369973
0.400743
-0.407285

-0.617693
0.444787
-0.511546

-0.382460
0.521729
-1.177994

-0.194577
0.489275
-1.103804

-0.773952
0.508206
-0.727816

-0.462730
0.387710
1.198405

-0.677144
0.472903
0.885961

-0.329299
0.420530
0.972294

-0.317700
0.373444
1.141624

-0.274763
0.333671
1.282378

-0.641668
0.527595
-1.031206

-0.817822
0.495954
-0.263921

-0.173148
0.535849
-1.302832

-0.742079
0.631013
1.083049

-0.855783
0.462382
0.852306

-0.589765
0.406272
1.136337

-0.849368
0.668097
0.890769

-0.121872
0.720834
1.336139

-0.326239
0.969024
1.107287

-0.268492
1.094223
1.026285

-0.569348
0.988656
1.023848

-0.787431
0.817735
0.885967

-0.162148
0.254251
1.474064

-0.973618
0.483948
0.458846

-0.789257
0.489043
0.556982

-1.032095
0.501517
0.031358

-0.862373
0.495246
0.162926

-1.000821
0.518893
-0.387594

-0.924724
0.490370
-0.728551

-0.788488
0.502252
-1.009819

-0.556055
0.498399
-1.279227

-0.277643
0.492492
-1.430440

-0.982519
0.673247
0.605468

-1.031800
0.724240
0.187558

-1.016578
0.718899
-0.255064

-0.920064
0.697790
-0.699676

-0.729930
0.694874
-1.051781

-0.550997
0.668996
-1.225019

-0.340389
0.678894
-1.349803

-0.114628
1.405167
0.580009

-0.199727
1.425442
0.452072

-0.232488
1.447723
0.271498

-0.202947
1.463540
0.084548

-0.117848
1.470909
-0.056131

-0.222350
1.273079
0.840424

-0.316095
1.292259
0.734966

-0.389754
1.321102
0.600808

-0.438105
1.346457
0.435719

-0.457314
1.367299
0.251784

-0.445344
1.383328
0.063183

-0.402293
1.394643
-0.115470

-0.336667
1.390593
-0.257241

-0.246692
1.397869
-0.378587

-0.135629
1.401543
-0.454460

-0.454858
1.127082
0.912423

-0.562677
1.168390
0.719564

-0.634828
1.212336
0.489901

-0.665235
1.240258
0.223464

-0.650274
1.262135
-0.048262

-0.579628
1.269651
-0.286745

-0.485458
1.286961
-0.507005

-0.354361
1.299922
-0.673471

-0.197488
1.307879
-0.767074

-0.709525
1.008102
0.835443

-0.803111
1.050102
0.534333

-0.844452
1.081736
0.197357

-0.828205
1.108235
-0.142818

-0.736525
1.119125
-0.446672

-0.619524
1.136686
-0.715869

-0.448860
1.151701
-0.916352

-0.233701
1.160258
-1.036013

-0.930321
0.868798
0.565179

-0.980764
0.901337
0.175390

-0.939292
0.904661
-0.208064

-0.869283
0.911109
-0.578472

-0.730208
0.924708
-0.883781

-0.491295
0.907163
-1.158868

-0.176668
0.929640
-1.291267

-0.445444
0.453167
0.881732

-0.533088
0.450684
-0.006533

-0.485867
0.448081
-0.026598

-0.486466
0.449625
-0.071923

-0.560775
0.455514
-0.115129

-0.491655
0.446419
0.494496

-0.497213
0.447042
0.395206

-0.465732
0.444707
0.401207

-0.434205
0.442276
0.443486

-0.407186
0.447180
0.780269

-0.369925
0.444663
0.793557

-0.378115
0.446267
0.857195

-0.586174
0.455399
-0.037928

-0.593733
0.457684
-0.090526

-0.555755
0.451224
0.450161

-0.541077
0.450089
0.479061

-0.458430
0.451877
0.805515

-0.472973
0.454175
0.844877

-0.649217
0.368870
-0.051586

-0.630517
0.401349
-0.097760

-0.611468
0.378771
-0.159412

-0.611430
0.324379
-0.174235

-0.630196
0.292501
-0.128383

-0.649299
0.314847
-0.066636

-0.584102
0.305543
0.498797

-0.571954
0.359433
0.521364

-0.578941
0.403374
0.475388

-0.597853
0.392303
0.405842

-0.609822
0.337669
0.382985

-0.603151
0.294589
0.429039

-0.504747
0.357043
0.824673

-0.499635
0.397947
0.840054

-0.473039
0.409460
0.883481

-0.451619
0.379831
0.911049

-0.456919
0.339232
0.895761

-0.483685
0.327756
0.852186

-0.782204
0.462687
-0.262950

-0.808725
0.465941
-0.213547

-0.864079
0.405896
-0.291845

-0.887041
0.410777
-0.274413

-0.774536
0.411550
-0.275324

-0.844223
0.386182
-0.283325

-0.798953
0.369510
-0.238536

-0.845455
0.371578
-0.254818

-0.828161
0.390366
-0.184813

-0.870161
0.374472
-0.239014

-0.831916
0.443024
-0.173254

-0.889826
0.395296
-0.247532

-0.894268
0.367525
-0.354282

-0.936824
0.377452
-0.320841

-0.929411
0.319592
-0.384343

-0.969907
0.330505
-0.350140

-0.971346
0.272873
-0.414750

-1.018017
0.284522
-0.377113

-1.007487
0.213004
-0.474884

-1.066235
0.228991
-0.425998

-1.042047
0.159745
-0.519727

-1.101913
0.177816
-0.472558

-1.061319
0.121462
-0.524204

-1.109625
0.133193
-0.485749

-1.088750
0.084728
-0.536710

-1.119479
0.088692
-0.515306

-1.131775
0.099300
-0.607402

-1.173344
0.090169
-0.574652

-1.162504
0.106939
-0.654918

-1.210156
0.096988
-0.619099

-1.194334
0.113514
-0.717008

-1.244612
0.106675
-0.675596

-1.225378
0.077088
-0.746597

-1.249016
0.071530
-0.729761

-1.265493
0.082237
-0.806169

-1.292254
0.077244
-0.803449

-1.274278
0.111718
-0.872123

-1.303824
0.103615
-0.872063

-1.294848
0.051935
-0.889008

-1.312043
0.076661
-0.882468

-0.856922
0.328076
-0.336843

-0.892213
0.282747
-0.367037

-0.931084
0.228434
-0.397448

-0.955071
0.158262
-0.451385

-0.987778
0.101800
-0.496035

-1.020791
0.076943
-0.505843

-1.067304
0.051827
-0.533618

-1.102093
0.055238
-0.624522

-1.130080
0.057642
-0.676305

-1.155898
0.062948
-0.738978

-1.210112
0.053299
-0.756931

-1.248199
0.061702
-0.816263

-1.255322
0.088588
-0.884506

-0.859113
0.295688
-0.286293

-0.896867
0.256493
-0.317584

-0.936393
0.198435
-0.341469

-0.965699
0.123727
-0.392461

-0.998123
0.066276
-0.433399

-1.027435
0.052159
-0.459097

-1.076771
0.021557
-0.507372

-1.116007
0.000000
-0.614275

-1.144943
0.000000
-0.662412

-1.176963
0.000000
-0.729701

-1.217546
0.025133
-0.750037

-1.257034
0.035411
-0.824455

-1.265345
0.058729
-0.892049

-0.905206
0.307923
-0.248726

-0.937783
0.266970
-0.284680

-0.983086
0.210093
-0.304134

-1.024584
0.140397
-0.343692

-1.060834
0.081594
-0.383380

-1.076912
0.063299
-0.422733

-1.107854
0.026260
-0.484631

-1.158084
0.000000
-0.580723

-1.193347
0.000000
-0.626228

-1.230044
0.000000
-0.688906

-1.240743
0.021102
-0.734187

-1.283936
0.028440
-0.822100

-0.943206
0.349144
-0.272266

-0.974240
0.303823
-0.301247

-1.023565
0.253704
-0.321616

-1.074356
0.188142
-0.356616

-1.114029
0.134070
-0.399559

-1.115719
0.101088
-0.429621

-1.128020
0.059608
-0.486798

-1.187919
0.037640
-0.563915

-1.226054
0.038956
-0.605811

-1.264953
0.041374
-0.666560

-1.255617
0.042999
-0.724077

-1.302713
0.050292
-0.811412

-0.711492
0.437061
0.414666

-0.694574
0.453418
0.487329

-0.798566
0.403357
0.475533

-0.804049
0.403650
0.508317

-0.719014
0.411122
0.414999

-0.779653
0.382081
0.461868

-0.717417
0.357815
0.454902

-0.763079
0.360940
0.481400

-0.701480
0.367087
0.522914

-0.771173
0.359404
0.514064

-0.691141
0.420240
0.544616

-0.789829
0.381837
0.527763

-0.866973
0.374420
0.446687

-0.876353
0.375716
0.508910

-0.918554
0.328338
0.444554

-0.925716
0.330664
0.505831

-0.975335
0.283303
0.448009

-0.984879
0.285350
0.517072

-1.048713
0.230838
0.422165

-1.059640
0.234447
0.510348

-1.110203
0.182179
0.407581

-1.122918
0.188224
0.495819

-1.131671
0.141930
0.413176

-1.141956
0.143749
0.484169

-1.163790
0.104846
0.419868

-1.172843
0.102761
0.462637

-1.251872
0.106275
0.398928

-1.260309
0.096534
0.459054

-1.307945
0.114526
0.389893

-1.318557
0.103840
0.457457

-1.374662
0.121521
0.370951

-1.383410
0.114117
0.444888

-1.418046
0.082280
0.375630

-1.423927
0.076347
0.408256

-1.492977
0.087775
0.380349

-1.500771
0.082445
0.410983

-1.555552
0.119242
0.364835

-1.566801
0.110593
0.397535

-1.578579
0.055433
0.381130

-1.579282
0.081823
0.402646

-0.830510
0.331406
0.421471

-0.882010
0.288038
0.419839

-0.937156
0.235260
0.419384

-0.998161
0.171404
0.386239

-1.058425
0.119460
0.369686

-1.092658
0.093557
0.385109

-1.148834
0.070536
0.398243

-1.242034
0.059020
0.360707

-1.298657
0.061589
0.346145

-1.361358
0.067208
0.321669

-1.413871
0.056889
0.354960

-1.495424
0.065857
0.357362

-1.559416
0.094554
0.339134

-0.801836
0.287121
0.455384

-0.855075
0.250057
0.455939

-0.906782
0.191979
0.460188

-0.970332
0.122498
0.432800

-1.028012
0.068782
0.418596

-1.068939
0.057558
0.421074

-1.142027
0.032536
0.420155

-1.245457
0.000000
0.380430

-1.300118
0.000000
0.369276

-1.370525
0.000000
0.346689

-1.414613
0.026825
0.366408

-1.506161
0.037796
0.364001

-1.570028
0.062684
0.347338

-0.810900
0.289793
0.523610

-0.863457
0.252177
0.516515

-0.916554
0.194084
0.529036

-0.981374
0.126820
0.521110

-1.041262
0.071246
0.510742

-1.081545
0.059137
0.491360

-1.150333
0.031052
0.463862

-1.253447
0.000000
0.441419

-1.311046
0.000000
0.437725

-1.381720
0.000000
0.422493

-1.420853
0.022523
0.397927

-1.514337
0.030356
0.394655

-0.851510
0.335628
0.545394

-0.898966
0.292354
0.541169

-0.955044
0.241335
0.557559

-1.023543
0.176945
0.561473

-1.087731
0.126743
0.552365

-1.112301
0.098188
0.525326

-1.163779
0.065730
0.485356

-1.263868
0.040307
0.479602

-1.321178
0.041477
0.480999

-1.392201
0.044028
0.469039

-1.424886
0.045895
0.418101

-1.511922
0.053679
0.419507

-0.655174
0.408714
0.930327

-0.634458
0.417394
0.972000

-0.701447
0.351439
0.968926

-0.699714
0.350077
0.993239

-0.657153
0.373197
0.911823

-0.687625
0.340089
0.954232

-0.642273
0.336178
0.935957

-0.669808
0.327837
0.963486

-0.621699
0.344385
0.980164

-0.669623
0.324675
0.988111

-0.618537
0.381930
0.995687

-0.683434
0.336905
1.002865

-0.748352
0.317404
0.961083

-0.744641
0.315547
1.005410

-0.777266
0.275293
0.967029

-0.772464
0.274414
1.010293

-0.809292
0.232446
0.978022

-0.804730
0.230860
1.027255

-0.856677
0.181669
0.971144

-0.849875
0.180812
1.034258

-0.894121
0.136185
0.970092

-0.888965
0.136841
1.033637

-0.901996
0.103578
0.975799

-0.897418
0.101928
1.026650

-0.918821
0.069865
0.984792

-0.917704
0.066197
1.014893

-0.978371
0.076232
0.985429

-0.974060
0.069427
1.028345

-1.019128
0.082292
0.991021

-1.015231
0.074731
1.039403

-1.068846
0.087506
0.991572

-1.062344
0.082500
1.044074

-1.099286
0.060226
1.003492

-1.097874
0.055882
1.027794

-1.152334
0.064248
1.023232

-1.145766
0.060347
1.045361

-1.196029
0.087280
1.042243

-1.190796
0.080949
1.067195

-1.203991
0.040575
1.062594

-1.196486
0.059891
1.075970

-0.721984
0.294882
0.934349

-0.751285
0.254798
0.940819

-0.781844
0.206640
0.948258

-0.820198
0.150333
0.933068

-0.856639
0.102764
0.930152

-0.873627
0.077931
0.946171

-0.907196
0.050371
0.965399

-0.977483
0.042925
0.957573

-1.019946
0.044818
0.959186

-1.067663
0.049113
0.954859

-1.099864
0.041640
0.988002

-1.162297
0.048205
1.010392

-1.207850
0.069209
1.028405

-0.690132
0.268499
0.948318

-0.718812
0.229716
0.954384

-0.748734
0.181793
0.967776

-0.787060
0.120863
0.956793

-0.821037
0.072494
0.954913

-0.846899
0.056987
0.964086

-0.893292
0.025596
0.976567

-0.976725
0.000000
0.971618

-1.016965
0.000000
0.975145

-1.070165
0.000000
0.973787

-1.098436
0.019635
0.996248

-1.166363
0.027665
1.019297

-1.211262
0.045882
1.038199

-0.685211
0.267534
0.998532

-0.718359
0.231733
1.001028

-0.744325
0.180262
1.016932

-0.780411
0.120563
1.020153

-0.815031
0.070290
1.021347

-0.844065
0.054639
1.014953

-0.891444
0.022449
1.007383

-0.971918
0.000000
1.014823

-1.013095
0.000000
1.024333

-1.065232
0.000000
1.028427

-1.097465
0.016486
1.019848

-1.160019
0.022219
1.041616

-0.716708
0.292016
1.023232

-0.743562
0.252446
1.026971

-0.772067
0.205204
1.046652

-0.809096
0.146739
1.059074

-0.847357
0.099623
1.062393

-0.864351
0.075336
1.046500

-0.901871
0.042899
1.026377

-0.973068
0.029713
1.043033

-1.013117
0.030769
1.056043

-1.064671
0.032754
1.062584

-1.096871
0.033593
1.034956

-1.149390
0.039291
1.055602